<?xml version="1.0"?>
<opencv_storage>
<image_width>640</image_width>
<image_height>480</image_height>
<camera_matrix type_id="opencv-matrix">
  <rows>3</rows>
  <cols>3</cols>
  <dt>d</dt>
  <data>
    9.0225277036850071e+02 0. 320. 0. 8.8701952282661227e+02 240. 0. 0.
    1.</data></camera_matrix>
<distortion_coefficients type_id="opencv-matrix">
  <rows>1</rows>
  <cols>5</cols>
  <dt>d</dt>
  <data>
    5.3003091444313344e-01 -5.6762734806010640e+00 0. 0.
    2.1750398076801901e+01</data></distortion_coefficients>
</opencv_storage>
