<?xml version="1.0"?>
<opencv_storage>
<image_width>640</image_width>
<image_height>480</image_height>
<camera_matrix type_id="opencv-matrix">
  <rows>3</rows>
  <cols>3</cols>
  <dt>d</dt>
  <data>
    8.1374265153302383e+02 0. 320. 0. 8.0097381738023205e+02 240. 0. 0.
    1.</data></camera_matrix>
<distortion_coefficients type_id="opencv-matrix">
  <rows>1</rows>
  <cols>5</cols>
  <dt>d</dt>
  <data>
    -7.8435765053810474e-02 -8.6023662813071528e-02 0. 0.
    -2.6124320249228523e+00</data></distortion_coefficients>
</opencv_storage>
